1 0.49921875 0.4984375 0.99140625 0.9921875
17 0.48671875 0.2453125 0.78359375 0.0875
17 0.40078125 0.2234375 0.6046875 0.04453125
17 0.3015625 0.07421875 0.403125 0.046875
17 0.33828125 0.128125 0.48359375 0.02578125
17 0.2125 0.12890625 0.23203125 0.02421875
17 0.31953125 0.2234375 0.13828125 0.0421875
17 0.4875 0.26953125 0.778125 0.0390625
17 0.16484375 0.2234375 0.13359375 0.0421875
17 0.3546875 0.07421875 0.29296875 0.0296875
17 0.5546875 0.22421875 0.29296875 0.04296875
17 0.33828125 0.096875 0.48359375 0.08984375
10 0.51015625 0.8875 0.153125 0.121875
16 0.48515625 0.171875 0.78984375 0.2390625