1 0.49921875 0.4984375 0.99140625 0.9921875
0 0.7703125 0.50546875 0.26015625 0.18203125
14 0.84609375 0.7515625 0.3015625 0.1546875
17 0.37890625 0.221875 0.56484375 0.0734375
17 0.22734375 0.4546875 0.125 0.0453125
17 0.8375 0.53984375 0.11484375 0.0421875
17 0.628125 0.55 0.1265625 0.04453125
17 0.3015625 0.075 0.403125 0.0453125
17 0.30234375 0.32421875 0.4046875 0.0640625
17 0.153125 0.68671875 0.103125 0.0421875
17 0.2125 0.12890625 0.23203125 0.02421875
17 0.33828125 0.12890625 0.48359375 0.0265625
17 0.125 0.496875 0.03671875 0.10234375
17 0.41640625 0.378125 0.63359375 0.028125
17 0.415625 0.3421875 0.63828125 0.1
17 0.6578125 0.58671875 0.121875 0.0203125
17 0.3546875 0.07421875 0.29296875 0.0296875
17 0.37890625 0.203125 0.56171875 0.03359375
17 0.18515625 0.7671875 0.1765625 0.02109375
17 0.5921875 0.60859375 0.2515625 0.0234375
9 0.4984375 0.60859375 0.80703125 0.3859375