1 0.49921875 0.49921875 0.99140625 0.99296875
0 0.24453125 0.4921875 0.2953125 0.1578125
14 0.84609375 0.7515625 0.3015625 0.1546875
14 0.70078125 0.66796875 0.04140625 0.0265625
17 0.29765625 0.22265625 0.4015625 0.07421875
17 0.33828125 0.12890625 0.48359375 0.0265625
17 0.3015625 0.075 0.403125 0.0453125
17 0.303125 0.453125 0.0734375 0.0375
17 0.2125 0.12890625 0.23203125 0.02421875
17 0.471875 0.378125 0.746875 0.028125
17 0.4 0.30703125 0.28984375 0.0296875
17 0.18359375 0.32421875 0.16640625 0.0625
17 0.3234375 0.32421875 0.446875 0.06328125
17 0.3546875 0.07421875 0.29296875 0.0296875
17 0.296875 0.203125 0.396875 0.03359375
17 0.4640625 0.128125 0.228125 0.0234375
17 0.296875 0.24140625 0.396875 0.034375
10 0.6640625 0.6078125 0.46796875 0.38671875
16 0.4703125 0.2234375 0.753125 0.33984375