1 0.49921875 0.4984375 0.99140625 0.9921875
0 0.384375 0.52421875 0.571875 0.22109375
0 0.45390625 0.7109375 0.61796875 0.18359375
0 0.7265625 0.54375 0.346875 0.25703125
14 0.84609375 0.7515625 0.3015625 0.1546875
17 0.296875 0.22265625 0.4 0.07421875
17 0.4921875 0.55078125 0.13828125 0.05546875
17 0.265625 0.32421875 0.33203125 0.0640625
17 0.465625 0.68671875 0.33828125 0.0265625
17 0.3015625 0.07421875 0.403125 0.046875
17 0.3375 0.4625 0.128125 0.01875
17 0.33828125 0.12890625 0.48359375 0.0265625
17 0.7453125 0.46328125 0.1296875 0.0203125
17 0.44609375 0.75625 0.071875 0.07890625
17 0.2125 0.12890625 0.23203125 0.02421875
17 0.134375 0.60859375 0.075 0.021875
17 0.68203125 0.565625 0.1234375 0.03359375
17 0.86796875 0.6703125 0.06328125 0.021875
17 0.4296875 0.3796875 0.66328125 0.02578125
17 0.3546875 0.07421875 0.29296875 0.0296875
17 0.296875 0.203125 0.396875 0.03359375
9 0.4984375 0.6078125 0.80703125 0.3890625