1 0.5 0.4984375 0.98984375 0.9921875
14 0.84609375 0.7515625 0.3015625 0.1546875
17 0.37890625 0.221875 0.56484375 0.0734375
17 0.34453125 0.32421875 0.49140625 0.065625
17 0.3015625 0.075 0.403125 0.0453125
17 0.2125 0.12890625 0.23203125 0.02421875
17 0.33828125 0.12890625 0.48359375 0.02421875
17 0.6671875 0.6546875 0.0453125 0.1
17 0.7140625 0.728125 0.05859375 0.07109375
17 0.37890625 0.203125 0.56171875 0.03359375
17 0.4828125 0.378125 0.76484375 0.028125
17 0.24921875 0.77421875 0.0953125 0.05078125
9 0.496875 0.60703125 0.803125 0.3875