1 0.49921875 0.49921875 0.99140625 0.99453125
5 0.4953125 0.6109375 0.09296875 0.09453125
17 0.37890625 0.22265625 0.56484375 0.07421875
17 0.3015625 0.07421875 0.403125 0.046875
17 0.33828125 0.12890625 0.48359375 0.0265625
17 0.2125 0.12890625 0.23203125 0.02421875
17 0.34453125 0.32421875 0.49140625 0.065625
17 0.290625 0.46640625 0.14140625 0.10234375
17 0.3546875 0.07421875 0.29296875 0.0296875
17 0.47265625 0.378125 0.7484375 0.02890625
17 0.378125 0.203125 0.56328125 0.0359375
12 0.8453125 0.7515625 0.303125 0.1546875
16 0.46953125 0.2234375 0.7546875 0.33984375
9 0.4984375 0.60703125 0.803125 0.3859375