1 0.5 0.4984375 0.98984375 0.9921875
0 0.65546875 0.590625 0.3515625 0.165625
14 0.8453125 0.7515625 0.303125 0.1546875
17 0.37890625 0.221875 0.56484375 0.0734375
17 0.37734375 0.15703125 0.56796875 0.2078125
17 0.68359375 0.56796875 0.1 0.04921875
17 0.2828125 0.340625 0.36484375 0.0296875
17 0.24453125 0.696875 0.08515625 0.05703125
17 0.3015625 0.075 0.403125 0.0453125
17 0.190625 0.53125 0.0953125 0.046875
17 0.2125 0.12890625 0.23203125 0.02421875
17 0.33828125 0.1296875 0.48359375 0.02578125
17 0.265625 0.71015625 0.13203125 0.08203125
17 0.43828125 0.628125 0.0765625 0.06640625
17 0.3328125 0.4265625 0.21171875 0.021875
17 0.49609375 0.378125 0.79140625 0.0296875
17 0.16953125 0.521875 0.13828125 0.0640625
17 0.86328125 0.65546875 0.0734375 0.015625
17 0.753125 0.71953125 0.13359375 0.04140625
17 0.37890625 0.203125 0.56171875 0.03359375
9 0.49765625 0.60703125 0.8046875 0.3890625