1 0.4984375 0.496875 0.99296875 0.98984375
0 0.2609375 0.29921875 0.3984375 0.49375
17 0.50546875 0.07578125 0.3984375 0.1203125
17 0.50078125 0.94921875 0.6046875 0.07421875
17 0.5 0.81875 0.15 0.0578125
17 0.5046875 0.6890625 0.38671875 0.0703125
17 0.50078125 0.9296875 0.6046875 0.0359375
17 0.22734375 0.6078125 0.23828125 0.0796875
17 0.50078125 0.96875 0.28828125 0.034375
17 0.69140625 0.60625 0.4265625 0.071875
10 0.77890625 0.540625 0.43515625 0.87421875
16 0.5078125 0.6453125 0.8015625 0.16171875